Chr	Pos	GC_MM	GC_MN	GC_NN	p-val	HWE	AF	AF_male	AF_female	LCA_AF	LCA_AF_male	LCA_AF_female	GC_AFR	GC_AMR	GC_ASJ	GC_EAS	GC_FIN	GC_NFE	GC_OTH	Estimated LCA
1	197297703	15485	1	0	0.996794075487292	TRUE	3.22872e-05	5.84112e-05	0	10550	9543	0	4367,0,0	419,0,0	151,0,0	810,0,0	1747,0,0	7500,1,0	491,0,0	98
1	197297733	15490	1	0	0.996794592944685	TRUE	3.22768e-05	0	7.21813e-05	10546	0	11793	4368,0,0	419,0,0	151,0,0	811,0,0	1747,0,0	7503,1,0	491,0,0	
1	197298065	15491	1	0	0.996794696406099	TRUE	3.22747e-05	0	7.21501e-05	10546	0	11788	4367,0,0	419,0,0	150,0,0	811,0,0	1747,0,0	7506,1,0	491,0,0	
1	197316473	15481	1	0	0.996793661340895	TRUE	3.22956e-05	5.8418e-05	0	10553	9544	0	4362,1,0	418,0,0	151,0,0	809,0,0	1746,0,0	7505,0,0	490,0,0	
1	197390534	15491	1	0	0.996794696406099	TRUE	3.22747e-05	0	7.21501e-05	10546	0	11788	4367,0,0	419,0,0	151,0,0	811,0,0	1747,0,0	7505,1,0	491,0,0	
1	197396689	15483	1	0	0.996793868434155	TRUE	3.22914e-05	5.84044e-05	0	10551	9542	0	4367,0,0	419,0,0	151,0,0	809,0,0	1747,0,0	7499,1,0	491,0,0	
1	197396707	15486	1	0	0.996794178998819	TRUE	3.22851e-05	0	7.21813e-05	10549	0	11793	4366,0,0	419,0,0	151,0,0	808,0,0	1746,0,0	7505,1,0	491,0,0	
1	197396856	15487	3	0	0.990383054530683	TRUE	9.68367e-05	5.84112e-05	0.0001443	31643	9543	23576	4364,0,0	419,0,0	151,0,0	811,0,0	1747,0,0	7504,3,0	491,0,0	
1	197398590	15489	1	0	0.996794489473251	TRUE	3.22789e-05	5.8418e-05	0	10547	9544	0	4367,0,0	418,1,0	151,0,0	809,0,0	1747,0,0	7506,0,0	491,0,0	
1	197403836	15480	4	0	0.987174749033519	TRUE	0.000129166	0	0.00028885	42207	0	47193	4366,0,0	419,0,0	151,0,0	808,0,0	1747,0,0	7500,4,0	489,0,0	
1	197407749	15482	1	0	0.996793764892541	TRUE	3.22935e-05	5.84044e-05	0	10552	9542	0	4364,0,0	419,0,0	151,0,0	807,0,0	1745,1,0	7505,0,0	491,0,0	
1	197411375	15479	1	0	0.996793454207499	TRUE	3.22997e-05	5.84454e-05	0	10554	9549	0	4364,1,0	419,0,0	151,0,0	808,0,0	1746,0,0	7501,0,0	490,0,0	
