Chr	Pos	GC_MM	GC_MN	GC_NN	p-val	HWE	AF	AF_male	AF_female	LCA_AF	LCA_AF_male	LCA_AF_female	GC_AFR	GC_AMR	GC_ASJ	GC_EAS	GC_FIN	GC_NFE	GC_OTH	Estimated LCA
1	10003575	15480	1	0	0.996793557779215	TRUE	3.22977e-05	0	7.22022e-05	10553	0	11796	4363,0,0	419,0,0	151,0,0	809,0,0	1746,0,0	7501,1,0	491,0,0	2071
1	10032154	15457	35	0	0.888060591170052	TRUE	0.00112962	0.00122635	0.0010101	369122	200365	165033	4333,33,0	419,0,0	151,0,0	811,0,0	1747,0,0	7507,0,0	489,2,0	
1	10032159	15484	1	0	0.996793971965738	TRUE	3.22893e-05	5.84454e-05	0	10551	9549	0	4364,0,0	419,0,0	151,0,0	810,0,0	1746,0,0	7504,1,0	490,0,0	
1	10032168	15472	19	0	0.939120888457441	TRUE	0.000613259	0.000408831	0.000865801	200392	66796	141457	4348,19,0	419,0,0	151,0,0	810,0,0	1747,0,0	7506,0,0	491,0,0	
1	10032184	15490	1	0	0.996794592944685	TRUE	3.22768e-05	5.84044e-05	0	10546	9542	0	4366,0,0	419,0,0	151,0,0	811,0,0	1747,0,0	7505,1,0	491,0,0	
1	10035699	15485	1	0	0.996794075487292	TRUE	3.22851e-05	5.84112e-05	0	10549	9543	0	4362,1,0,1,0,0	418,0,0,0,0,0	151,0,0,0,0,0	811,0,0,0,0,0	1746,0,0,0,0,0	7507,0,0,0,0,0	490,0,0,0,0,0	
1	10035718	15484	1	0	0.996793971965738	TRUE	3.22893e-05	5.84317e-05	0	10551	9546	0	4363,1,0	419,0,0	151,0,0	810,0,0	1746,0,0	7505,0,0	490,0,0	
1	10035739	15484	1	0	0.996793971965738	TRUE	3.22893e-05	5.84044e-05	0	10551	9542	0	4366,0,0	419,0,0	151,0,0	809,1,0	1746,0,0	7502,0,0	491,0,0	
1	10035827	15485	2	0	0.993588202742671	TRUE	6.45703e-05	5.84112e-05	7.21813e-05	21099	9543	11793	4364,2,0	419,0,0	151,0,0	810,0,0	1747,0,0	7503,0,0	491,0,0	
1	10041159	15478	1	0	0.996793350625747	TRUE	3.23018e-05	5.8418e-05	0	10555	9544	0	4366,1,0	419,0,0	151,0,0	810,0,0	1746,0,0	7497,0,0	489,0,0	
1	10042443	15488	1	0	0.996794385991797	TRUE	3.2281e-05	5.84044e-05	0	10548	9542	0	4364,1,0	419,0,0	151,0,0	811,0,0	1747,0,0	7506,0,0	490,0,0	
1	10042481	15479	1	0	0.996793454207499	TRUE	3.22997e-05	5.84522e-05	0	10554	9550	0	4361,0,0	419,0,0	151,0,0	810,0,0	1747,0,0	7500,1,0	491,0,0	
1	10042497	15484	1	0	0.996793971965738	TRUE	3.22893e-05	5.84385e-05	0	10551	9547	0	4362,1,0	419,0,0	151,0,0	810,0,0	1746,0,0	7505,0,0	491,0,0	
1	10042508	15482	2	0	0.993587581568218	TRUE	6.45828e-05	0.000116822	0	21103	19086	0	4364,0,0	419,0,0	150,1,0	810,0,0	1747,0,0	7501,1,0	491,0,0	
1	10042538	15485	2	0	0.993588202742671	TRUE	6.45703e-05	0.00011685	0	21099	19091	0	4363,0,0	419,0,0	151,0,0	810,0,0	1747,0,0	7505,2,0	490,0,0	
1	10042553	15484	1	0	0.996793971965738	TRUE	3.22893e-05	5.84317e-05	0	10551	9546	0	4364,0,0	419,0,0	151,0,0	810,0,0	1746,1,0	7503,0,0	491,0,0	
1	10042590	15484	1	0	0.996793971965738	TRUE	3.22893e-05	0	7.21709e-05	10551	0	11791	4366,0,0	418,0,0	151,0,0	809,0,0	1745,1,0	7505,0,0	490,0,0	
1	10042616	15489	1	0	0.996794489473251	TRUE	3.22789e-05	5.84112e-05	0	10547	9543	0	4366,1,0	419,0,0	151,0,0	810,0,0	1746,0,0	7506,0,0	491,0,0	
1	10042620	15491	1	0	0.996794696406099	TRUE	3.22747e-05	5.83976e-05	0	10546	9541	0	4368,0,0	419,0,0	151,0,0	810,0,0	1747,0,0	7505,1,0	491,0,0	
1	10042628	15484	1	0	0.996793971965738	TRUE	3.22893e-05	0	7.21917e-05	10551	0	11794	4364,0,0	419,0,0	151,0,0	810,0,0	1746,0,0	7503,1,0	491,0,0	
1	10042629	15479	2	0	0.993586960213192	TRUE	6.45953e-05	5.84385e-05	7.22022e-05	21107	9547	11796	4365,0,0	418,0,0	151,0,0	807,2,0	1746,0,0	7502,0,0	490,0,0	
1	10042635	15481	1	0	0.996793661340895	TRUE	3.22956e-05	5.84249e-05	0	10553	9545	0	4364,0,0	418,0,0	151,0,0	809,0,0	1745,0,0	7504,1,0	490,0,0	
