Chr	Pos	GC_MM	GC_MN	GC_NN	p-val	HWE	AF	AF_male	AF_female	LCA_AF	LCA_AF_male	LCA_AF_female	GC_AFR	GC_AMR	GC_ASJ	GC_EAS	GC_FIN	GC_NFE	GC_OTH	q=Sum(AF)	Estimated LCA
1	68896860	15482	1	0	0.996793764892541	TRUE	3.22935e-05	5.84385e-05	0	10552	9547	0	4363,1,0	419,0,0	151,0,0	810,0,0	1747,0,0	7502,0,0	490,0,0	0.0007437923	180
1	68896964	15491	1	0	0.996794696406099	TRUE	3.22747e-05	0	7.21605e-05	10546	0	11789	4367,0,0	419,0,0	151,0,0	810,0,0	1746,1,0	7508,0,0	490,0,0		
1	68897034	15489	1	0	0.996794489473251	TRUE	3.22789e-05	5.83976e-05	0	10547	9541	0	4366,0,0	419,0,0	151,0,0	810,0,0	1747,0,0	7505,1,0	491,0,0		
1	68897153	15482	1	0	0.996793764892541	TRUE	3.22935e-05	0	7.22022e-05	10552	0	11796	4367,0,0	419,0,0	151,0,0	809,0,0	1747,0,0	7498,1,0	491,0,0		
1	68897192	15476	5	0	0.983966753372975	TRUE	0.000161488	0.000116877	0.000216606	52768	19095	35389	4358,5,0	416,0,0	151,0,0	811,0,0	1747,0,0	7502,0,0	491,0,0		
1	68903930	15458	1	0	0.996791276880405	TRUE	3.23436e-05	5.85549e-05	0	10568	9566	0	4362,0,0	415,1,0	151,0,0	810,0,0	1742,0,0	7489,0,0	489,0,0		
																					
1	68905327	15466	1	0	0.996792106861232	TRUE	3.23269e-05	5.84864e-05	0	10563	9555	0	4361,1,0	419,0,0	151,0,0	809,0,0	1746,0,0	7490,0,0	490,0,0		
1	68910216	15490	1	0	0.996794592944685	TRUE	3.22768e-05	5.83976e-05	0	10546	9541	0	4366,0,0	419,0,0	151,0,0	809,1,0	1747,0,0	7507,0,0	491,0,0		
																					
1	68910339	15411	7	0	0.977507633490859	TRUE	0.000227007	0.000293221	0.000145096	74178	47907	23706	4343,7,0	419,0,0	151,0,0	811,0,0	1738,0,0	7458,0,0	491,0,0		
1	68912508	15486	2	0	0.99358840976071	TRUE	6.45661e-05	0.000116809	0	21098	19084	0	4364,0,0	419,0,0	151,0,0	811,0,0	1747,0,0	7503,2,0	491,0,0		
1	68914365	15467	1	0	0.996792210563556	TRUE	3.23248e-05	5.84727e-05	0	10562	9553	0	4356,1,0	418,0,0	151,0,0	810,0,0	1745,0,0	7496,0,0	491,0,0		
1	68914390	15470	1	0	0.996792521610196	TRUE	3.23185e-05	0	7.22439e-05	10560	0	11803	4358,1,0	419,0,0	150,0,0	810,0,0	1745,0,0	7498,0,0	490,0,0		
